{
 "cells": [
  {
   "cell_type": "code",
   "execution_count": 25,
   "id": "1441305b-c49d-454b-b772-56e26ae0169a",
   "metadata": {},
   "outputs": [],
   "source": [
    "from sklearn.model_selection import train_test_split, GridSearchCV\n",
    "import pandas as pd\n",
    "from sklearn.metrics import roc_auc_score\n",
    "from sklearn.metrics import confusion_matrix, roc_curve\n",
    "from sklearn.impute import SimpleImputer, KNNImputer\n",
    "\n",
    "from sklearn.linear_model import LinearRegression, LogisticRegression, PoissonRegressor\n",
    "from sklearn.metrics import accuracy_score, precision_score, recall_score, confusion_matrix, plot_confusion_matrix, plot_precision_recall_curve\n",
    "from sklearn.metrics import mean_squared_error, mean_absolute_error, r2_score\n",
    "\n",
    "from pycaret.regression import *\n",
    "import shap\n",
    "\n",
    "import matplotlib as mpl\n",
    "import matplotlib.pyplot as plt\n",
    "import numpy as np\n",
    "import pandas as pd\n",
    "import re\n",
    "import pickle\n",
    "import copy\n",
    "import seaborn as sns\n",
    "\n",
    "pd.set_option('display.max_colwidth', None)\n",
    "pd.set_option('float_format', '{:f}'.format)\n",
    "pd.set_option('display.max_columns', 500)\n",
    "pd.set_option('display.width', 1000)"
   ]
  },
  {
   "cell_type": "code",
   "execution_count": null,
   "id": "6f405f59-345d-4b09-8198-32de7481c2fe",
   "metadata": {},
   "outputs": [],
   "source": []
  },
  {
   "cell_type": "code",
   "execution_count": 2,
   "id": "749f762e-9765-4d58-849e-47dcc33e6f55",
   "metadata": {},
   "outputs": [
    {
     "data": {
      "text/plain": [
       "(50641, 22)"
      ]
     },
     "execution_count": 2,
     "metadata": {},
     "output_type": "execute_result"
    }
   ],
   "source": [
    "data_path = './modeling_df1.csv'\n",
    "\n",
    "modeling_df = pd.read_csv(data_path).drop(['ReadingScore', 'WritingScore'], axis=1)\n",
    "\n",
    "modeling_df.shape"
   ]
  },
  {
   "cell_type": "code",
   "execution_count": 3,
   "id": "55bd5e47-e9e3-447b-ba72-92cd1b36eb90",
   "metadata": {},
   "outputs": [
    {
     "data": {
      "text/html": [
       "<div>\n",
       "<style scoped>\n",
       "    .dataframe tbody tr th:only-of-type {\n",
       "        vertical-align: middle;\n",
       "    }\n",
       "\n",
       "    .dataframe tbody tr th {\n",
       "        vertical-align: top;\n",
       "    }\n",
       "\n",
       "    .dataframe thead th {\n",
       "        text-align: right;\n",
       "    }\n",
       "</style>\n",
       "<table border=\"1\" class=\"dataframe\">\n",
       "  <thead>\n",
       "    <tr style=\"text-align: right;\">\n",
       "      <th></th>\n",
       "      <th>ParentEduc_int</th>\n",
       "      <th>TestPrep_int</th>\n",
       "      <th>PracticeSport_int</th>\n",
       "      <th>WklyStudyHours_int</th>\n",
       "      <th>Gender_female</th>\n",
       "      <th>Gender_male</th>\n",
       "      <th>EthnicGroup_group A</th>\n",
       "      <th>EthnicGroup_group B</th>\n",
       "      <th>EthnicGroup_group C</th>\n",
       "      <th>EthnicGroup_group D</th>\n",
       "      <th>EthnicGroup_group E</th>\n",
       "      <th>LunchType_free/reduced</th>\n",
       "      <th>LunchType_standard</th>\n",
       "      <th>ParentMaritalStatus_divorced</th>\n",
       "      <th>ParentMaritalStatus_married</th>\n",
       "      <th>ParentMaritalStatus_single</th>\n",
       "      <th>ParentMaritalStatus_widowed</th>\n",
       "      <th>IsFirstChild_no</th>\n",
       "      <th>IsFirstChild_yes</th>\n",
       "      <th>TransportMeans_private</th>\n",
       "      <th>TransportMeans_school_bus</th>\n",
       "      <th>MathScore</th>\n",
       "    </tr>\n",
       "  </thead>\n",
       "  <tbody>\n",
       "    <tr>\n",
       "      <th>0</th>\n",
       "      <td>2</td>\n",
       "      <td>0</td>\n",
       "      <td>2</td>\n",
       "      <td>0</td>\n",
       "      <td>1</td>\n",
       "      <td>0</td>\n",
       "      <td>0</td>\n",
       "      <td>0</td>\n",
       "      <td>1</td>\n",
       "      <td>0</td>\n",
       "      <td>0</td>\n",
       "      <td>0</td>\n",
       "      <td>1</td>\n",
       "      <td>0</td>\n",
       "      <td>1</td>\n",
       "      <td>0</td>\n",
       "      <td>0</td>\n",
       "      <td>0</td>\n",
       "      <td>1</td>\n",
       "      <td>0</td>\n",
       "      <td>1</td>\n",
       "      <td>71</td>\n",
       "    </tr>\n",
       "    <tr>\n",
       "      <th>1</th>\n",
       "      <td>1</td>\n",
       "      <td>0</td>\n",
       "      <td>1</td>\n",
       "      <td>1</td>\n",
       "      <td>1</td>\n",
       "      <td>0</td>\n",
       "      <td>0</td>\n",
       "      <td>0</td>\n",
       "      <td>1</td>\n",
       "      <td>0</td>\n",
       "      <td>0</td>\n",
       "      <td>0</td>\n",
       "      <td>1</td>\n",
       "      <td>0</td>\n",
       "      <td>1</td>\n",
       "      <td>0</td>\n",
       "      <td>0</td>\n",
       "      <td>0</td>\n",
       "      <td>1</td>\n",
       "      <td>0</td>\n",
       "      <td>1</td>\n",
       "      <td>69</td>\n",
       "    </tr>\n",
       "    <tr>\n",
       "      <th>2</th>\n",
       "      <td>3</td>\n",
       "      <td>0</td>\n",
       "      <td>1</td>\n",
       "      <td>0</td>\n",
       "      <td>1</td>\n",
       "      <td>0</td>\n",
       "      <td>0</td>\n",
       "      <td>1</td>\n",
       "      <td>0</td>\n",
       "      <td>0</td>\n",
       "      <td>0</td>\n",
       "      <td>0</td>\n",
       "      <td>1</td>\n",
       "      <td>0</td>\n",
       "      <td>0</td>\n",
       "      <td>1</td>\n",
       "      <td>0</td>\n",
       "      <td>0</td>\n",
       "      <td>1</td>\n",
       "      <td>0</td>\n",
       "      <td>1</td>\n",
       "      <td>87</td>\n",
       "    </tr>\n",
       "    <tr>\n",
       "      <th>3</th>\n",
       "      <td>2</td>\n",
       "      <td>0</td>\n",
       "      <td>0</td>\n",
       "      <td>1</td>\n",
       "      <td>0</td>\n",
       "      <td>1</td>\n",
       "      <td>1</td>\n",
       "      <td>0</td>\n",
       "      <td>0</td>\n",
       "      <td>0</td>\n",
       "      <td>0</td>\n",
       "      <td>1</td>\n",
       "      <td>0</td>\n",
       "      <td>0</td>\n",
       "      <td>1</td>\n",
       "      <td>0</td>\n",
       "      <td>0</td>\n",
       "      <td>1</td>\n",
       "      <td>0</td>\n",
       "      <td>0</td>\n",
       "      <td>1</td>\n",
       "      <td>45</td>\n",
       "    </tr>\n",
       "    <tr>\n",
       "      <th>4</th>\n",
       "      <td>1</td>\n",
       "      <td>0</td>\n",
       "      <td>1</td>\n",
       "      <td>1</td>\n",
       "      <td>0</td>\n",
       "      <td>1</td>\n",
       "      <td>0</td>\n",
       "      <td>0</td>\n",
       "      <td>1</td>\n",
       "      <td>0</td>\n",
       "      <td>0</td>\n",
       "      <td>0</td>\n",
       "      <td>1</td>\n",
       "      <td>0</td>\n",
       "      <td>1</td>\n",
       "      <td>0</td>\n",
       "      <td>0</td>\n",
       "      <td>0</td>\n",
       "      <td>1</td>\n",
       "      <td>0</td>\n",
       "      <td>1</td>\n",
       "      <td>76</td>\n",
       "    </tr>\n",
       "  </tbody>\n",
       "</table>\n",
       "</div>"
      ],
      "text/plain": [
       "   ParentEduc_int  TestPrep_int  PracticeSport_int  WklyStudyHours_int  Gender_female  Gender_male  EthnicGroup_group A  EthnicGroup_group B  EthnicGroup_group C  EthnicGroup_group D  EthnicGroup_group E  LunchType_free/reduced  LunchType_standard  ParentMaritalStatus_divorced  ParentMaritalStatus_married  ParentMaritalStatus_single  ParentMaritalStatus_widowed  IsFirstChild_no  IsFirstChild_yes  TransportMeans_private  TransportMeans_school_bus  MathScore\n",
       "0               2             0                  2                   0              1            0                    0                    0                    1                    0                    0                       0                   1                             0                            1                           0                            0                0                 1                       0                          1         71\n",
       "1               1             0                  1                   1              1            0                    0                    0                    1                    0                    0                       0                   1                             0                            1                           0                            0                0                 1                       0                          1         69\n",
       "2               3             0                  1                   0              1            0                    0                    1                    0                    0                    0                       0                   1                             0                            0                           1                            0                0                 1                       0                          1         87\n",
       "3               2             0                  0                   1              0            1                    1                    0                    0                    0                    0                       1                   0                             0                            1                           0                            0                1                 0                       0                          1         45\n",
       "4               1             0                  1                   1              0            1                    0                    0                    1                    0                    0                       0                   1                             0                            1                           0                            0                0                 1                       0                          1         76"
      ]
     },
     "execution_count": 3,
     "metadata": {},
     "output_type": "execute_result"
    }
   ],
   "source": [
    "modeling_df.head()"
   ]
  },
  {
   "cell_type": "code",
   "execution_count": 4,
   "id": "4a63b1ae-51f4-4c86-bc5e-8729a49e2e11",
   "metadata": {},
   "outputs": [
    {
     "data": {
      "text/plain": [
       "Index(['ParentEduc_int', 'TestPrep_int', 'PracticeSport_int', 'WklyStudyHours_int', 'Gender_female', 'Gender_male', 'EthnicGroup_group A', 'EthnicGroup_group B', 'EthnicGroup_group C', 'EthnicGroup_group D', 'EthnicGroup_group E', 'LunchType_free/reduced', 'LunchType_standard', 'ParentMaritalStatus_divorced', 'ParentMaritalStatus_married', 'ParentMaritalStatus_single', 'ParentMaritalStatus_widowed', 'IsFirstChild_no', 'IsFirstChild_yes', 'TransportMeans_private', 'TransportMeans_school_bus', 'MathScore'], dtype='object')"
      ]
     },
     "execution_count": 4,
     "metadata": {},
     "output_type": "execute_result"
    }
   ],
   "source": [
    "modeling_df.columns"
   ]
  },
  {
   "cell_type": "code",
   "execution_count": null,
   "id": "37082847-8e11-4bcd-9782-f776c3d2b406",
   "metadata": {},
   "outputs": [],
   "source": []
  },
  {
   "cell_type": "markdown",
   "id": "a00e8208-8b19-4767-8af9-a077627263ec",
   "metadata": {},
   "source": [
    "# Data Analysis!"
   ]
  },
  {
   "cell_type": "code",
   "execution_count": 5,
   "id": "8bccc5dd-4815-48f9-a780-972686860fc0",
   "metadata": {},
   "outputs": [
    {
     "data": {
      "text/html": [
       "<div>\n",
       "<style scoped>\n",
       "    .dataframe tbody tr th:only-of-type {\n",
       "        vertical-align: middle;\n",
       "    }\n",
       "\n",
       "    .dataframe tbody tr th {\n",
       "        vertical-align: top;\n",
       "    }\n",
       "\n",
       "    .dataframe thead th {\n",
       "        text-align: right;\n",
       "    }\n",
       "</style>\n",
       "<table border=\"1\" class=\"dataframe\">\n",
       "  <thead>\n",
       "    <tr style=\"text-align: right;\">\n",
       "      <th></th>\n",
       "      <th>ParentEduc_int</th>\n",
       "      <th>TestPrep_int</th>\n",
       "      <th>PracticeSport_int</th>\n",
       "      <th>WklyStudyHours_int</th>\n",
       "      <th>Gender_female</th>\n",
       "      <th>Gender_male</th>\n",
       "      <th>EthnicGroup_group A</th>\n",
       "      <th>EthnicGroup_group B</th>\n",
       "      <th>EthnicGroup_group C</th>\n",
       "      <th>EthnicGroup_group D</th>\n",
       "      <th>EthnicGroup_group E</th>\n",
       "      <th>LunchType_free/reduced</th>\n",
       "      <th>LunchType_standard</th>\n",
       "      <th>ParentMaritalStatus_divorced</th>\n",
       "      <th>ParentMaritalStatus_married</th>\n",
       "      <th>ParentMaritalStatus_single</th>\n",
       "      <th>ParentMaritalStatus_widowed</th>\n",
       "      <th>IsFirstChild_no</th>\n",
       "      <th>IsFirstChild_yes</th>\n",
       "      <th>TransportMeans_private</th>\n",
       "      <th>TransportMeans_school_bus</th>\n",
       "      <th>MathScore</th>\n",
       "    </tr>\n",
       "  </thead>\n",
       "  <tbody>\n",
       "    <tr>\n",
       "      <th>ParentEduc_int</th>\n",
       "      <td>1.000000</td>\n",
       "      <td>-0.001988</td>\n",
       "      <td>-0.004001</td>\n",
       "      <td>0.001864</td>\n",
       "      <td>-0.004202</td>\n",
       "      <td>-0.000647</td>\n",
       "      <td>-0.002519</td>\n",
       "      <td>-0.004009</td>\n",
       "      <td>0.006338</td>\n",
       "      <td>0.000750</td>\n",
       "      <td>0.000049</td>\n",
       "      <td>0.007940</td>\n",
       "      <td>-0.003798</td>\n",
       "      <td>0.000281</td>\n",
       "      <td>0.000941</td>\n",
       "      <td>0.001167</td>\n",
       "      <td>0.001999</td>\n",
       "      <td>0.000808</td>\n",
       "      <td>0.003204</td>\n",
       "      <td>-0.001562</td>\n",
       "      <td>-0.000017</td>\n",
       "      <td>0.106914</td>\n",
       "    </tr>\n",
       "    <tr>\n",
       "      <th>TestPrep_int</th>\n",
       "      <td>-0.001988</td>\n",
       "      <td>1.000000</td>\n",
       "      <td>-0.003061</td>\n",
       "      <td>-0.000285</td>\n",
       "      <td>0.004082</td>\n",
       "      <td>-0.001732</td>\n",
       "      <td>-0.006242</td>\n",
       "      <td>0.003631</td>\n",
       "      <td>0.003772</td>\n",
       "      <td>-0.000240</td>\n",
       "      <td>-0.001444</td>\n",
       "      <td>0.003629</td>\n",
       "      <td>-0.002378</td>\n",
       "      <td>0.004528</td>\n",
       "      <td>0.000156</td>\n",
       "      <td>-0.000455</td>\n",
       "      <td>-0.006017</td>\n",
       "      <td>0.002273</td>\n",
       "      <td>0.001172</td>\n",
       "      <td>0.001293</td>\n",
       "      <td>-0.003246</td>\n",
       "      <td>0.081765</td>\n",
       "    </tr>\n",
       "    <tr>\n",
       "      <th>PracticeSport_int</th>\n",
       "      <td>-0.004001</td>\n",
       "      <td>-0.003061</td>\n",
       "      <td>1.000000</td>\n",
       "      <td>-0.001598</td>\n",
       "      <td>0.000993</td>\n",
       "      <td>0.000709</td>\n",
       "      <td>0.004525</td>\n",
       "      <td>-0.007248</td>\n",
       "      <td>0.004446</td>\n",
       "      <td>-0.001672</td>\n",
       "      <td>0.000585</td>\n",
       "      <td>0.000821</td>\n",
       "      <td>-0.000195</td>\n",
       "      <td>0.002721</td>\n",
       "      <td>0.003192</td>\n",
       "      <td>-0.004503</td>\n",
       "      <td>0.003269</td>\n",
       "      <td>-0.015271</td>\n",
       "      <td>0.011613</td>\n",
       "      <td>-0.005073</td>\n",
       "      <td>0.000234</td>\n",
       "      <td>0.042689</td>\n",
       "    </tr>\n",
       "    <tr>\n",
       "      <th>WklyStudyHours_int</th>\n",
       "      <td>0.001864</td>\n",
       "      <td>-0.000285</td>\n",
       "      <td>-0.001598</td>\n",
       "      <td>1.000000</td>\n",
       "      <td>-0.002428</td>\n",
       "      <td>0.006854</td>\n",
       "      <td>0.003960</td>\n",
       "      <td>-0.005222</td>\n",
       "      <td>-0.000935</td>\n",
       "      <td>0.004431</td>\n",
       "      <td>0.001662</td>\n",
       "      <td>0.003452</td>\n",
       "      <td>0.000136</td>\n",
       "      <td>0.001218</td>\n",
       "      <td>-0.002894</td>\n",
       "      <td>0.003970</td>\n",
       "      <td>-0.002079</td>\n",
       "      <td>0.004010</td>\n",
       "      <td>-0.000717</td>\n",
       "      <td>0.006834</td>\n",
       "      <td>0.000056</td>\n",
       "      <td>0.051605</td>\n",
       "    </tr>\n",
       "    <tr>\n",
       "      <th>Gender_female</th>\n",
       "      <td>-0.004202</td>\n",
       "      <td>0.004082</td>\n",
       "      <td>0.000993</td>\n",
       "      <td>-0.002428</td>\n",
       "      <td>1.000000</td>\n",
       "      <td>-0.603517</td>\n",
       "      <td>-0.001718</td>\n",
       "      <td>-0.000501</td>\n",
       "      <td>-0.000059</td>\n",
       "      <td>0.002432</td>\n",
       "      <td>0.003479</td>\n",
       "      <td>-0.006356</td>\n",
       "      <td>-0.002013</td>\n",
       "      <td>0.014582</td>\n",
       "      <td>-0.015657</td>\n",
       "      <td>0.006643</td>\n",
       "      <td>-0.007014</td>\n",
       "      <td>0.004926</td>\n",
       "      <td>-0.003798</td>\n",
       "      <td>0.005645</td>\n",
       "      <td>-0.004933</td>\n",
       "      <td>-0.098686</td>\n",
       "    </tr>\n",
       "    <tr>\n",
       "      <th>Gender_male</th>\n",
       "      <td>-0.000647</td>\n",
       "      <td>-0.001732</td>\n",
       "      <td>0.000709</td>\n",
       "      <td>0.006854</td>\n",
       "      <td>-0.603517</td>\n",
       "      <td>1.000000</td>\n",
       "      <td>-0.001613</td>\n",
       "      <td>-0.004277</td>\n",
       "      <td>0.004652</td>\n",
       "      <td>0.004413</td>\n",
       "      <td>-0.002402</td>\n",
       "      <td>0.000824</td>\n",
       "      <td>-0.002477</td>\n",
       "      <td>-0.014372</td>\n",
       "      <td>0.008546</td>\n",
       "      <td>-0.006012</td>\n",
       "      <td>0.009309</td>\n",
       "      <td>-0.003672</td>\n",
       "      <td>0.003782</td>\n",
       "      <td>-0.001445</td>\n",
       "      <td>0.005960</td>\n",
       "      <td>0.101186</td>\n",
       "    </tr>\n",
       "    <tr>\n",
       "      <th>EthnicGroup_group A</th>\n",
       "      <td>-0.002519</td>\n",
       "      <td>-0.006242</td>\n",
       "      <td>0.004525</td>\n",
       "      <td>0.003960</td>\n",
       "      <td>-0.001718</td>\n",
       "      <td>-0.001613</td>\n",
       "      <td>1.000000</td>\n",
       "      <td>-0.080031</td>\n",
       "      <td>-0.127121</td>\n",
       "      <td>-0.093080</td>\n",
       "      <td>-0.064027</td>\n",
       "      <td>-0.006168</td>\n",
       "      <td>0.001985</td>\n",
       "      <td>0.001316</td>\n",
       "      <td>-0.004991</td>\n",
       "      <td>-0.000878</td>\n",
       "      <td>0.003148</td>\n",
       "      <td>0.002898</td>\n",
       "      <td>-0.001371</td>\n",
       "      <td>0.006660</td>\n",
       "      <td>-0.008345</td>\n",
       "      <td>-0.038682</td>\n",
       "    </tr>\n",
       "    <tr>\n",
       "      <th>EthnicGroup_group B</th>\n",
       "      <td>-0.004009</td>\n",
       "      <td>0.003631</td>\n",
       "      <td>-0.007248</td>\n",
       "      <td>-0.005222</td>\n",
       "      <td>-0.000501</td>\n",
       "      <td>-0.004277</td>\n",
       "      <td>-0.080031</td>\n",
       "      <td>1.000000</td>\n",
       "      <td>-0.223979</td>\n",
       "      <td>-0.164975</td>\n",
       "      <td>-0.114787</td>\n",
       "      <td>0.002042</td>\n",
       "      <td>0.001604</td>\n",
       "      <td>-0.005661</td>\n",
       "      <td>-0.001086</td>\n",
       "      <td>0.001255</td>\n",
       "      <td>0.001237</td>\n",
       "      <td>-0.009185</td>\n",
       "      <td>0.004784</td>\n",
       "      <td>-0.004466</td>\n",
       "      <td>0.000633</td>\n",
       "      <td>-0.061477</td>\n",
       "    </tr>\n",
       "    <tr>\n",
       "      <th>EthnicGroup_group C</th>\n",
       "      <td>0.006338</td>\n",
       "      <td>0.003772</td>\n",
       "      <td>0.004446</td>\n",
       "      <td>-0.000935</td>\n",
       "      <td>-0.000059</td>\n",
       "      <td>0.004652</td>\n",
       "      <td>-0.127121</td>\n",
       "      <td>-0.223979</td>\n",
       "      <td>1.000000</td>\n",
       "      <td>-0.265500</td>\n",
       "      <td>-0.173746</td>\n",
       "      <td>-0.003516</td>\n",
       "      <td>-0.001873</td>\n",
       "      <td>-0.007834</td>\n",
       "      <td>0.003173</td>\n",
       "      <td>0.007117</td>\n",
       "      <td>0.001787</td>\n",
       "      <td>0.008444</td>\n",
       "      <td>0.002059</td>\n",
       "      <td>0.008656</td>\n",
       "      <td>-0.007058</td>\n",
       "      <td>-0.046746</td>\n",
       "    </tr>\n",
       "    <tr>\n",
       "      <th>EthnicGroup_group D</th>\n",
       "      <td>0.000750</td>\n",
       "      <td>-0.000240</td>\n",
       "      <td>-0.001672</td>\n",
       "      <td>0.004431</td>\n",
       "      <td>0.002432</td>\n",
       "      <td>0.004413</td>\n",
       "      <td>-0.093080</td>\n",
       "      <td>-0.164975</td>\n",
       "      <td>-0.265500</td>\n",
       "      <td>1.000000</td>\n",
       "      <td>-0.128729</td>\n",
       "      <td>-0.003849</td>\n",
       "      <td>-0.002171</td>\n",
       "      <td>0.007237</td>\n",
       "      <td>-0.001407</td>\n",
       "      <td>-0.003675</td>\n",
       "      <td>-0.002493</td>\n",
       "      <td>-0.002407</td>\n",
       "      <td>0.001241</td>\n",
       "      <td>-0.007047</td>\n",
       "      <td>0.009107</td>\n",
       "      <td>0.024213</td>\n",
       "    </tr>\n",
       "    <tr>\n",
       "      <th>EthnicGroup_group E</th>\n",
       "      <td>0.000049</td>\n",
       "      <td>-0.001444</td>\n",
       "      <td>0.000585</td>\n",
       "      <td>0.001662</td>\n",
       "      <td>0.003479</td>\n",
       "      <td>-0.002402</td>\n",
       "      <td>-0.064027</td>\n",
       "      <td>-0.114787</td>\n",
       "      <td>-0.173746</td>\n",
       "      <td>-0.128729</td>\n",
       "      <td>1.000000</td>\n",
       "      <td>0.002528</td>\n",
       "      <td>0.002344</td>\n",
       "      <td>-0.001172</td>\n",
       "      <td>0.001379</td>\n",
       "      <td>0.002722</td>\n",
       "      <td>0.003063</td>\n",
       "      <td>0.000036</td>\n",
       "      <td>0.001734</td>\n",
       "      <td>-0.002636</td>\n",
       "      <td>0.004465</td>\n",
       "      <td>0.133380</td>\n",
       "    </tr>\n",
       "    <tr>\n",
       "      <th>LunchType_free/reduced</th>\n",
       "      <td>0.007940</td>\n",
       "      <td>0.003629</td>\n",
       "      <td>0.000821</td>\n",
       "      <td>0.003452</td>\n",
       "      <td>-0.006356</td>\n",
       "      <td>0.000824</td>\n",
       "      <td>-0.006168</td>\n",
       "      <td>0.002042</td>\n",
       "      <td>-0.003516</td>\n",
       "      <td>-0.003849</td>\n",
       "      <td>0.002528</td>\n",
       "      <td>1.000000</td>\n",
       "      <td>-0.606687</td>\n",
       "      <td>-0.001176</td>\n",
       "      <td>-0.002263</td>\n",
       "      <td>0.001064</td>\n",
       "      <td>0.006114</td>\n",
       "      <td>0.002892</td>\n",
       "      <td>-0.000099</td>\n",
       "      <td>-0.003696</td>\n",
       "      <td>0.001953</td>\n",
       "      <td>-0.224845</td>\n",
       "    </tr>\n",
       "    <tr>\n",
       "      <th>LunchType_standard</th>\n",
       "      <td>-0.003798</td>\n",
       "      <td>-0.002378</td>\n",
       "      <td>-0.000195</td>\n",
       "      <td>0.000136</td>\n",
       "      <td>-0.002013</td>\n",
       "      <td>-0.002477</td>\n",
       "      <td>0.001985</td>\n",
       "      <td>0.001604</td>\n",
       "      <td>-0.001873</td>\n",
       "      <td>-0.002171</td>\n",
       "      <td>0.002344</td>\n",
       "      <td>-0.606687</td>\n",
       "      <td>1.000000</td>\n",
       "      <td>0.002417</td>\n",
       "      <td>0.003054</td>\n",
       "      <td>-0.009329</td>\n",
       "      <td>-0.008901</td>\n",
       "      <td>0.000128</td>\n",
       "      <td>0.004817</td>\n",
       "      <td>-0.001508</td>\n",
       "      <td>-0.005152</td>\n",
       "      <td>0.224823</td>\n",
       "    </tr>\n",
       "    <tr>\n",
       "      <th>ParentMaritalStatus_divorced</th>\n",
       "      <td>0.000281</td>\n",
       "      <td>0.004528</td>\n",
       "      <td>0.002721</td>\n",
       "      <td>0.001218</td>\n",
       "      <td>0.014582</td>\n",
       "      <td>-0.014372</td>\n",
       "      <td>0.001316</td>\n",
       "      <td>-0.005661</td>\n",
       "      <td>-0.007834</td>\n",
       "      <td>0.007237</td>\n",
       "      <td>-0.001172</td>\n",
       "      <td>-0.001176</td>\n",
       "      <td>0.002417</td>\n",
       "      <td>1.000000</td>\n",
       "      <td>-0.313261</td>\n",
       "      <td>-0.144013</td>\n",
       "      <td>-0.034598</td>\n",
       "      <td>0.001782</td>\n",
       "      <td>0.004611</td>\n",
       "      <td>-0.005121</td>\n",
       "      <td>0.000344</td>\n",
       "      <td>-0.001650</td>\n",
       "    </tr>\n",
       "    <tr>\n",
       "      <th>ParentMaritalStatus_married</th>\n",
       "      <td>0.000941</td>\n",
       "      <td>0.000156</td>\n",
       "      <td>0.003192</td>\n",
       "      <td>-0.002894</td>\n",
       "      <td>-0.015657</td>\n",
       "      <td>0.008546</td>\n",
       "      <td>-0.004991</td>\n",
       "      <td>-0.001086</td>\n",
       "      <td>0.003173</td>\n",
       "      <td>-0.001407</td>\n",
       "      <td>0.001379</td>\n",
       "      <td>-0.002263</td>\n",
       "      <td>0.003054</td>\n",
       "      <td>-0.313261</td>\n",
       "      <td>1.000000</td>\n",
       "      <td>-0.398657</td>\n",
       "      <td>-0.102328</td>\n",
       "      <td>-0.002235</td>\n",
       "      <td>0.001888</td>\n",
       "      <td>0.001401</td>\n",
       "      <td>-0.008700</td>\n",
       "      <td>0.006409</td>\n",
       "    </tr>\n",
       "    <tr>\n",
       "      <th>ParentMaritalStatus_single</th>\n",
       "      <td>0.001167</td>\n",
       "      <td>-0.000455</td>\n",
       "      <td>-0.004503</td>\n",
       "      <td>0.003970</td>\n",
       "      <td>0.006643</td>\n",
       "      <td>-0.006012</td>\n",
       "      <td>-0.000878</td>\n",
       "      <td>0.001255</td>\n",
       "      <td>0.007117</td>\n",
       "      <td>-0.003675</td>\n",
       "      <td>0.002722</td>\n",
       "      <td>0.001064</td>\n",
       "      <td>-0.009329</td>\n",
       "      <td>-0.144013</td>\n",
       "      <td>-0.398657</td>\n",
       "      <td>1.000000</td>\n",
       "      <td>-0.044621</td>\n",
       "      <td>0.013349</td>\n",
       "      <td>-0.008395</td>\n",
       "      <td>0.002336</td>\n",
       "      <td>-0.002655</td>\n",
       "      <td>-0.008628</td>\n",
       "    </tr>\n",
       "    <tr>\n",
       "      <th>ParentMaritalStatus_widowed</th>\n",
       "      <td>0.001999</td>\n",
       "      <td>-0.006017</td>\n",
       "      <td>0.003269</td>\n",
       "      <td>-0.002079</td>\n",
       "      <td>-0.007014</td>\n",
       "      <td>0.009309</td>\n",
       "      <td>0.003148</td>\n",
       "      <td>0.001237</td>\n",
       "      <td>0.001787</td>\n",
       "      <td>-0.002493</td>\n",
       "      <td>0.003063</td>\n",
       "      <td>0.006114</td>\n",
       "      <td>-0.008901</td>\n",
       "      <td>-0.034598</td>\n",
       "      <td>-0.102328</td>\n",
       "      <td>-0.044621</td>\n",
       "      <td>1.000000</td>\n",
       "      <td>-0.009190</td>\n",
       "      <td>-0.000355</td>\n",
       "      <td>0.003558</td>\n",
       "      <td>0.000463</td>\n",
       "      <td>0.005222</td>\n",
       "    </tr>\n",
       "    <tr>\n",
       "      <th>IsFirstChild_no</th>\n",
       "      <td>0.000808</td>\n",
       "      <td>0.002273</td>\n",
       "      <td>-0.015271</td>\n",
       "      <td>0.004010</td>\n",
       "      <td>0.004926</td>\n",
       "      <td>-0.003672</td>\n",
       "      <td>0.002898</td>\n",
       "      <td>-0.009185</td>\n",
       "      <td>0.008444</td>\n",
       "      <td>-0.002407</td>\n",
       "      <td>0.000036</td>\n",
       "      <td>0.002892</td>\n",
       "      <td>0.000128</td>\n",
       "      <td>0.001782</td>\n",
       "      <td>-0.002235</td>\n",
       "      <td>0.013349</td>\n",
       "      <td>-0.009190</td>\n",
       "      <td>1.000000</td>\n",
       "      <td>-0.603794</td>\n",
       "      <td>-0.001696</td>\n",
       "      <td>-0.001431</td>\n",
       "      <td>-0.009160</td>\n",
       "    </tr>\n",
       "    <tr>\n",
       "      <th>IsFirstChild_yes</th>\n",
       "      <td>0.003204</td>\n",
       "      <td>0.001172</td>\n",
       "      <td>0.011613</td>\n",
       "      <td>-0.000717</td>\n",
       "      <td>-0.003798</td>\n",
       "      <td>0.003782</td>\n",
       "      <td>-0.001371</td>\n",
       "      <td>0.004784</td>\n",
       "      <td>0.002059</td>\n",
       "      <td>0.001241</td>\n",
       "      <td>0.001734</td>\n",
       "      <td>-0.000099</td>\n",
       "      <td>0.004817</td>\n",
       "      <td>0.004611</td>\n",
       "      <td>0.001888</td>\n",
       "      <td>-0.008395</td>\n",
       "      <td>-0.000355</td>\n",
       "      <td>-0.603794</td>\n",
       "      <td>1.000000</td>\n",
       "      <td>-0.000526</td>\n",
       "      <td>0.004585</td>\n",
       "      <td>0.010154</td>\n",
       "    </tr>\n",
       "    <tr>\n",
       "      <th>TransportMeans_private</th>\n",
       "      <td>-0.001562</td>\n",
       "      <td>0.001293</td>\n",
       "      <td>-0.005073</td>\n",
       "      <td>0.006834</td>\n",
       "      <td>0.005645</td>\n",
       "      <td>-0.001445</td>\n",
       "      <td>0.006660</td>\n",
       "      <td>-0.004466</td>\n",
       "      <td>0.008656</td>\n",
       "      <td>-0.007047</td>\n",
       "      <td>-0.002636</td>\n",
       "      <td>-0.003696</td>\n",
       "      <td>-0.001508</td>\n",
       "      <td>-0.005121</td>\n",
       "      <td>0.001401</td>\n",
       "      <td>0.002336</td>\n",
       "      <td>0.003558</td>\n",
       "      <td>-0.001696</td>\n",
       "      <td>-0.000526</td>\n",
       "      <td>1.000000</td>\n",
       "      <td>-0.605349</td>\n",
       "      <td>0.000444</td>\n",
       "    </tr>\n",
       "    <tr>\n",
       "      <th>TransportMeans_school_bus</th>\n",
       "      <td>-0.000017</td>\n",
       "      <td>-0.003246</td>\n",
       "      <td>0.000234</td>\n",
       "      <td>0.000056</td>\n",
       "      <td>-0.004933</td>\n",
       "      <td>0.005960</td>\n",
       "      <td>-0.008345</td>\n",
       "      <td>0.000633</td>\n",
       "      <td>-0.007058</td>\n",
       "      <td>0.009107</td>\n",
       "      <td>0.004465</td>\n",
       "      <td>0.001953</td>\n",
       "      <td>-0.005152</td>\n",
       "      <td>0.000344</td>\n",
       "      <td>-0.008700</td>\n",
       "      <td>-0.002655</td>\n",
       "      <td>0.000463</td>\n",
       "      <td>-0.001431</td>\n",
       "      <td>0.004585</td>\n",
       "      <td>-0.605349</td>\n",
       "      <td>1.000000</td>\n",
       "      <td>0.004046</td>\n",
       "    </tr>\n",
       "    <tr>\n",
       "      <th>MathScore</th>\n",
       "      <td>0.106914</td>\n",
       "      <td>0.081765</td>\n",
       "      <td>0.042689</td>\n",
       "      <td>0.051605</td>\n",
       "      <td>-0.098686</td>\n",
       "      <td>0.101186</td>\n",
       "      <td>-0.038682</td>\n",
       "      <td>-0.061477</td>\n",
       "      <td>-0.046746</td>\n",
       "      <td>0.024213</td>\n",
       "      <td>0.133380</td>\n",
       "      <td>-0.224845</td>\n",
       "      <td>0.224823</td>\n",
       "      <td>-0.001650</td>\n",
       "      <td>0.006409</td>\n",
       "      <td>-0.008628</td>\n",
       "      <td>0.005222</td>\n",
       "      <td>-0.009160</td>\n",
       "      <td>0.010154</td>\n",
       "      <td>0.000444</td>\n",
       "      <td>0.004046</td>\n",
       "      <td>1.000000</td>\n",
       "    </tr>\n",
       "  </tbody>\n",
       "</table>\n",
       "</div>"
      ],
      "text/plain": [
       "                              ParentEduc_int  TestPrep_int  PracticeSport_int  WklyStudyHours_int  Gender_female  Gender_male  EthnicGroup_group A  EthnicGroup_group B  EthnicGroup_group C  EthnicGroup_group D  EthnicGroup_group E  LunchType_free/reduced  LunchType_standard  ParentMaritalStatus_divorced  ParentMaritalStatus_married  ParentMaritalStatus_single  ParentMaritalStatus_widowed  IsFirstChild_no  IsFirstChild_yes  TransportMeans_private  TransportMeans_school_bus  MathScore\n",
       "ParentEduc_int                      1.000000     -0.001988          -0.004001            0.001864      -0.004202    -0.000647            -0.002519            -0.004009             0.006338             0.000750             0.000049                0.007940           -0.003798                      0.000281                     0.000941                    0.001167                     0.001999         0.000808          0.003204               -0.001562                  -0.000017   0.106914\n",
       "TestPrep_int                       -0.001988      1.000000          -0.003061           -0.000285       0.004082    -0.001732            -0.006242             0.003631             0.003772            -0.000240            -0.001444                0.003629           -0.002378                      0.004528                     0.000156                   -0.000455                    -0.006017         0.002273          0.001172                0.001293                  -0.003246   0.081765\n",
       "PracticeSport_int                  -0.004001     -0.003061           1.000000           -0.001598       0.000993     0.000709             0.004525            -0.007248             0.004446            -0.001672             0.000585                0.000821           -0.000195                      0.002721                     0.003192                   -0.004503                     0.003269        -0.015271          0.011613               -0.005073                   0.000234   0.042689\n",
       "WklyStudyHours_int                  0.001864     -0.000285          -0.001598            1.000000      -0.002428     0.006854             0.003960            -0.005222            -0.000935             0.004431             0.001662                0.003452            0.000136                      0.001218                    -0.002894                    0.003970                    -0.002079         0.004010         -0.000717                0.006834                   0.000056   0.051605\n",
       "Gender_female                      -0.004202      0.004082           0.000993           -0.002428       1.000000    -0.603517            -0.001718            -0.000501            -0.000059             0.002432             0.003479               -0.006356           -0.002013                      0.014582                    -0.015657                    0.006643                    -0.007014         0.004926         -0.003798                0.005645                  -0.004933  -0.098686\n",
       "Gender_male                        -0.000647     -0.001732           0.000709            0.006854      -0.603517     1.000000            -0.001613            -0.004277             0.004652             0.004413            -0.002402                0.000824           -0.002477                     -0.014372                     0.008546                   -0.006012                     0.009309        -0.003672          0.003782               -0.001445                   0.005960   0.101186\n",
       "EthnicGroup_group A                -0.002519     -0.006242           0.004525            0.003960      -0.001718    -0.001613             1.000000            -0.080031            -0.127121            -0.093080            -0.064027               -0.006168            0.001985                      0.001316                    -0.004991                   -0.000878                     0.003148         0.002898         -0.001371                0.006660                  -0.008345  -0.038682\n",
       "EthnicGroup_group B                -0.004009      0.003631          -0.007248           -0.005222      -0.000501    -0.004277            -0.080031             1.000000            -0.223979            -0.164975            -0.114787                0.002042            0.001604                     -0.005661                    -0.001086                    0.001255                     0.001237        -0.009185          0.004784               -0.004466                   0.000633  -0.061477\n",
       "EthnicGroup_group C                 0.006338      0.003772           0.004446           -0.000935      -0.000059     0.004652            -0.127121            -0.223979             1.000000            -0.265500            -0.173746               -0.003516           -0.001873                     -0.007834                     0.003173                    0.007117                     0.001787         0.008444          0.002059                0.008656                  -0.007058  -0.046746\n",
       "EthnicGroup_group D                 0.000750     -0.000240          -0.001672            0.004431       0.002432     0.004413            -0.093080            -0.164975            -0.265500             1.000000            -0.128729               -0.003849           -0.002171                      0.007237                    -0.001407                   -0.003675                    -0.002493        -0.002407          0.001241               -0.007047                   0.009107   0.024213\n",
       "EthnicGroup_group E                 0.000049     -0.001444           0.000585            0.001662       0.003479    -0.002402            -0.064027            -0.114787            -0.173746            -0.128729             1.000000                0.002528            0.002344                     -0.001172                     0.001379                    0.002722                     0.003063         0.000036          0.001734               -0.002636                   0.004465   0.133380\n",
       "LunchType_free/reduced              0.007940      0.003629           0.000821            0.003452      -0.006356     0.000824            -0.006168             0.002042            -0.003516            -0.003849             0.002528                1.000000           -0.606687                     -0.001176                    -0.002263                    0.001064                     0.006114         0.002892         -0.000099               -0.003696                   0.001953  -0.224845\n",
